16

-0.4039328548854588 0.25935989492065525
0.06777763090792363 0.3550428223248006
-0.25614250996904725 -0.42575914879829924
-1.3513805074229799 -0.6037589141817135
-0.0005314759261550723 0.48277565184564347
0.08939507141693041 -1.0876207568173348
0.612007913461891 -0.09428120569292181
0.483336703771738 -0.2976806444815345
-0.03877320223836506 0.31718731828663943
0.04007031937263834 -0.7664120777791964
0.44820713171104687 -1.0021692261729662
1.2531804728337013 -0.8076004342139335
-0.3074017514854994 0.0739892599674062
-0.031643684385737225 0.6271143623724849
0.7682795779418614 0.874431294274593
1.020407326817344 -0.20378868265923916
