16

0.012514446031379347 -0.24559551268273475
-0.55769860204278 -0.29971927640087276
0.1825581744484857 -0.003147747551875812
0.17070703498709544 -0.08035179109334317
0.15288571890037703 -0.3188724906357921
0.015072337985355927 0.06535775126165858
-0.352542018883124 -0.17296554659789612
-0.13548009299381153 0.1601530101389343
0.967088829368446 -0.29715985496960423
-0.11963971192864176 0.5989716010659913
0.5652420228576929 -0.40498241730817297
0.6563601137519675 -0.4343461082246186
0.7883972956405436 -0.29003381130918227
0.10227205792142381 -0.012149812648402557
0.49284695705100384 0.8172236147896772
0.06127500369982038 0.13361963227252183
